# Created by Octave 4.0.3, Mon Aug 22 13:09:50 2016 GMT <unknown@huxiaomi-MOBL1>
# name: X
# type: matrix
# rows: 2
# columns: 5
 1 1 1 1 1
 -2 -1 0 1 2


# name: Y
# type: matrix
# rows: 5
# columns: 1
 -1
 2
 5
 8
 11


